instances/randomQMKP_20_25_1.txt
20
24 70 28 56 34 32 49 33 21 82 11 87 31 81 11 10 69 48 77 0 
0 26 0 85 0 0 33 0 0 32 25 0 0 0 0 0 0 0 0 
0 0 0 0 0 56 39 28 0 28 0 0 0 56 0 0 0 0 
0 24 0 56 0 0 55 0 0 0 78 0 0 0 27 0 0 
0 0 0 36 0 0 0 0 0 0 0 0 0 0 41 98 
0 0 0 0 0 0 0 0 0 77 0 91 43 41 0 
0 10 23 0 0 77 0 0 46 0 0 0 0 32 
0 54 29 0 0 0 25 0 0 30 40 0 0 
17 0 0 0 0 0 0 0 0 0 0 0 
0 0 31 0 0 62 89 0 0 0 11 
0 89 0 41 0 0 0 95 82 0 
66 91 33 87 0 0 0 0 0 
0 0 0 0 0 0 97 0 
0 0 0 0 61 86 0 
17 0 21 0 0 0 
22 0 39 0 73 
0 0 0 0 
0 0 0 
36 0 
0 

0
232
28 41 20 12 9 23 16 30 39 45 11 33 9 35 27 14 41 15 28 30 
